20
ex3_1;ex3_2;ex3_3;ex3_4;ex3_5;ex3_6;ex3_7;ex3_8;ex3_9;ex3_10;ex3_11;ex3_12;ex3_13;ex3_14;ex3_15;ex3_16;ex3_17;ex3_18;ex3_19;ex3_20
1.0;1.0;1.0;1.0;1.0;1.0;1.0;1.0;1.0;1.0;1.0;1.0;1.0;1.0;1.0;1.0;1.0;1.0;1.0;1.0
2.668066
0.899337;0.62807
4.920223;0.590377;1.974807
1.067204;0.611304;0.107455;1.894583
0.270922;3.999811;1.792042;6.417738;1.91287
0.23609;3.526947;1.447844;5.804647;1.516581;0.071031
2.649228;0.570863;0.747516;1.220893;0.556283;3.545233;2.921857
0.566955;3.424378;1.46554;5.529014;1.414755;0.35413;0.14131;2.418572
2.417543;1.237536;0.932064;2.135791;0.703586;2.994228;2.357614;0.287386;1.738652
5.06302;1.660199;2.378428;1.514924;1.983827;5.901737;5.062696;0.725185;4.162192;0.727479
3.346359;2.169952;1.791808;2.934681;1.470025;3.696894;2.961258;0.734621;2.091031;0.274804;0.78427
7.601657;3.488798;4.526917;2.98061;3.984597;8.246072;7.254528;1.874425;5.966275;1.798187;0.670529;1.340424
5.997588;4.033883;3.917463;4.273833;3.330078;6.197172;5.245225;1.89305;3.9589;1.224213;0.975032;0.633664;0.940986
5.406707;9.185408;6.666014;11.068361;6.241485;4.071717;3.61835;6.209201;2.612148;4.529126;6.612444;3.661787;6.830588;3.820348
7.148831;10.41301;8.044014;12.087812;7.506022;5.81649;5.185241;7.027975;3.89037;5.234259;6.976301;4.074603;6.706937;3.692358;0.215997
9.160356;11.875606;9.678303;13.32985;9.02023;7.816291;7.041592;8.135947;5.489449;6.218387;7.604342;4.769585;6.874882;3.834159;0.820293;0.216998
13.059001;12.325089;11.547217;12.622954;10.630146;12.338746;11.16752;8.384329;9.108779;6.842959;6.539472;5.132013;4.838344;2.961025;3.996641;2.659908;1.671352
15.258749;15.248626;14.094992;15.683999;13.222266;14.258836;13.085996;10.987001;10.90684;9.161585;9.017659;7.158208;7.091536;4.831357;4.556671;2.968707;1.768205;0.469878
21.302077;18.586229;18.636713;17.965638;17.58105;20.683089;19.255903;14.187414;16.753525;12.676218;11.052215;10.392831;8.179958;6.965678;9.849536;7.659762;5.742332;1.72919;1.486439
